554	392	0.590	3.345E-123	12	354	373	1	340	341
877	387	0.598	3.717E-121	19	350	373	8	338	351
999	369	0.569	3.711E-115	15	351	373	3	335	336
766	366	0.576	6.254E-114	23	351	373	11	335	336
929	366	0.576	6.254E-114	23	351	373	11	335	336
1164	366	0.576	6.254E-114	23	351	373	11	335	336
1220	362	0.549	1.442E-112	17	361	373	5	342	344
85	359	0.556	1.297E-111	15	351	373	3	335	336
1070	359	0.556	1.297E-111	15	351	373	3	335	336
1402	359	0.556	1.297E-111	15	351	373	3	335	336
15	359	0.556	1.775E-111	15	351	373	4	337	339
534	359	0.554	1.775E-111	15	352	373	3	336	351
814	358	0.555	2.430E-111	15	351	373	3	335	336
596	358	0.557	3.325E-111	17	351	373	8	338	354
1000	357	0.551	6.228E-111	12	350	373	2	337	339
147	357	0.553	8.524E-111	15	351	373	3	335	336
486	355	0.551	2.990E-110	15	351	373	3	335	336
790	355	0.551	2.990E-110	15	351	373	3	335	336
14	355	0.551	4.092E-110	15	351	373	3	335	336
367	355	0.552	4.092E-110	15	350	373	3	335	337
414	355	0.552	4.092E-110	15	350	373	3	335	337
1281	355	0.552	4.092E-110	15	350	373	3	335	337
1349	355	0.552	4.092E-110	15	350	373	3	335	337
1441	355	0.552	4.092E-110	15	350	373	3	335	337
1087	354	0.550	7.663E-110	15	351	373	3	335	336
568	353	0.549	1.049E-109	15	351	373	3	335	336
1211	353	0.549	1.049E-109	15	351	373	3	335	336
1371	353	0.549	1.049E-109	15	351	373	3	335	336
1395	353	0.550	1.435E-109	15	350	373	3	335	337
105	352	0.547	3.678E-109	15	351	373	3	335	336
106	352	0.547	3.678E-109	15	351	373	3	335	336
201	352	0.547	3.678E-109	15	351	373	3	335	336
317	351	0.547	5.033E-109	15	351	373	3	335	336
1095	351	0.547	5.033E-109	15	351	373	3	335	336
529	351	0.546	9.426E-109	15	351	373	3	336	337
861	350	0.555	1.765E-108	23	351	373	11	335	336
618	349	0.546	2.416E-108	15	350	373	3	335	337
1182	349	0.550	2.416E-108	19	351	373	7	337	338
204	349	0.549	3.306E-108	19	351	373	7	337	338
194	349	0.543	4.523E-108	15	351	373	3	335	336
1022	349	0.543	4.523E-108	15	351	373	3	335	336
1232	349	0.543	4.523E-108	15	351	373	3	335	336
100	348	0.543	6.190E-108	15	351	373	3	335	336
533	348	0.543	6.190E-108	15	351	373	3	335	336
884	348	0.543	6.190E-108	15	351	373	3	335	336
1025	348	0.543	6.190E-108	15	351	373	3	335	336
69	348	0.542	8.470E-108	15	351	373	3	335	336
116	348	0.542	8.470E-108	15	351	373	3	335	336
163	348	0.542	8.470E-108	15	351	373	3	335	336
210	348	0.542	8.470E-108	15	351	373	3	335	336
257	348	0.542	8.470E-108	15	351	373	3	335	336
304	348	0.542	8.470E-108	15	351	373	3	335	336
351	348	0.542	8.470E-108	15	351	373	3	335	336
398	348	0.542	8.470E-108	15	351	373	3	335	336
445	348	0.542	8.470E-108	15	351	373	3	335	336
480	348	0.542	8.470E-108	15	351	373	3	335	336
492	348	0.542	8.470E-108	15	351	373	3	335	336
527	348	0.542	8.470E-108	15	351	373	3	335	336
539	348	0.542	8.470E-108	15	351	373	3	335	336
574	348	0.542	8.470E-108	15	351	373	3	335	336
586	348	0.542	8.470E-108	15	351	373	3	335	336
696	348	0.542	8.470E-108	15	351	373	3	335	336
938	348	0.542	8.470E-108	15	351	373	3	335	336
1049	348	0.542	8.470E-108	15	351	373	3	335	336
1072	348	0.542	8.470E-108	15	351	373	3	335	336
1119	348	0.542	8.470E-108	15	351	373	3	335	336
1166	348	0.542	8.470E-108	15	351	373	3	335	336
1190	348	0.542	8.470E-108	15	351	373	3	335	336
1257	348	0.542	8.470E-108	15	351	373	3	335	336
1380	348	0.542	8.470E-108	15	351	373	3	335	336
1426	348	0.542	8.470E-108	15	351	373	3	335	336
1174	347	0.542	1.159E-107	15	351	373	3	333	334
1191	347	0.542	1.159E-107	15	351	373	3	333	334
954	347	0.542	1.159E-107	15	351	373	3	335	336
1177	347	0.542	1.159E-107	15	351	373	3	335	336
22	347	0.541	1.586E-107	15	351	373	3	335	336
1404	347	0.541	1.586E-107	15	351	373	3	335	336
576	347	0.547	1.586E-107	19	351	373	7	337	338
46	347	0.541	2.170E-107	15	351	373	3	335	336
1334	347	0.541	2.170E-107	15	351	373	3	335	336
1472	347	0.541	2.170E-107	15	351	373	3	335	336
1320	346	0.540	2.970E-107	15	351	373	3	336	337
61	346	0.545	4.064E-107	19	351	373	7	336	337
670	346	0.545	4.064E-107	19	351	373	7	336	337
905	346	0.545	4.064E-107	19	351	373	7	336	337
743	346	0.539	5.562E-107	15	351	373	3	335	336
1303	346	0.539	5.562E-107	15	351	373	3	335	336
1236	346	0.539	5.562E-107	15	351	373	23	355	356
602	345	0.539	7.610E-107	15	351	373	3	335	336
837	345	0.539	7.610E-107	15	351	373	3	335	336
1002	345	0.539	7.610E-107	15	351	373	3	335	336
1279	345	0.550	1.041E-106	23	350	373	11	334	336
153	344	0.538	1.425E-106	15	351	373	3	335	336
1143	344	0.550	1.425E-106	23	350	373	11	334	336
1327	344	0.534	1.425E-106	12	351	373	2	338	339
1372	343	0.542	3.651E-106	19	351	373	7	336	337
978	343	0.536	4.996E-106	15	351	373	3	335	336
1235	343	0.536	4.996E-106	15	351	373	3	335	336
952	343	0.541	4.996E-106	19	351	373	7	336	337
623	342	0.532	6.836E-106	15	354	373	3	339	343
1228	341	0.541	2.396E-105	24	354	373	12	339	344
719	340	0.538	3.279E-105	19	351	373	7	336	337
726	340	0.533	3.279E-105	15	351	373	17	349	350
1142	339	0.543	8.400E-105	24	351	373	13	334	335
142	336	0.525	1.032E-103	15	353	373	3	338	342
773	336	0.522	1.412E-103	12	352	373	2	339	348
248	336	0.535	1.412E-103	24	354	373	12	339	355
759	334	0.531	6.769E-103	19	350	373	7	333	335
627	333	0.532	9.261E-103	24	354	373	12	339	343
1487	333	0.521	9.261E-103	15	354	373	3	339	343
1213	333	0.524	1.267E-102	15	351	373	19	351	352
1282	333	0.524	1.267E-102	15	351	373	19	351	352
1305	332	0.524	2.372E-102	15	350	373	3	335	337
1465	332	0.519	2.372E-102	15	354	373	3	339	343
710	329	0.520	2.912E-101	15	350	373	3	333	335
189	329	0.524	2.912E-101	19	351	373	7	337	338
1419	328	0.514	7.456E-101	12	351	373	2	337	338
1325	327	0.523	1.909E-100	24	354	373	12	339	344
1096	326	0.512	2.612E-100	12	351	373	2	337	338
908	325	0.521	6.687E-100	24	354	373	12	339	344
1135	321	0.509	1.122E-98	15	351	373	3	333	336
711	320	0.508	2.872E-98	15	351	373	3	333	335
1032	320	0.511	3.929E-98	17	350	373	1	332	334
1171	320	0.509	3.929E-98	15	350	373	3	332	334
654	319	0.510	5.375E-98	17	350	373	1	332	334
621	318	0.505	1.882E-97	15	351	373	3	334	335
715	318	0.505	1.882E-97	15	351	373	3	334	335
976	318	0.505	1.882E-97	15	351	373	3	334	335
1464	318	0.505	1.882E-97	15	351	373	3	334	335
1117	317	0.504	3.521E-97	15	351	373	3	334	335
364	317	0.507	4.816E-97	17	350	373	1	332	334
1	316	0.504	9.012E-97	15	350	373	3	332	335
668	316	0.502	9.012E-97	15	351	373	3	334	335
1023	316	0.502	9.012E-97	15	351	373	3	334	335
48	315	0.503	1.686E-96	15	350	373	3	332	335
1328	315	0.501	2.306E-96	15	351	373	3	333	334
1370	315	0.501	2.306E-96	15	351	373	3	333	334
974	314	0.500	3.155E-96	15	351	373	3	333	351
1021	314	0.500	3.155E-96	15	351	373	3	333	351
128	314	0.500	4.315E-96	15	351	373	3	334	335
513	313	0.499	8.073E-96	15	351	373	3	337	338
234	313	0.500	1.104E-95	15	350	373	3	332	333
820	313	0.499	1.104E-95	15	351	373	3	333	334
95	312	0.499	1.510E-95	15	350	373	3	332	333
571	312	0.499	1.510E-95	15	350	373	3	332	337
483	312	0.499	2.066E-95	15	350	373	3	332	333
1373	312	0.498	2.066E-95	15	351	373	3	333	335
648	312	0.498	2.826E-95	15	350	373	3	333	336
375	311	0.497	5.286E-95	15	350	373	3	332	333
720	307	0.492	1.211E-93	15	350	373	3	332	337
867	306	0.491	1.656E-93	15	351	373	3	333	334
601	306	0.490	2.265E-93	15	351	373	3	337	338
580	306	0.490	3.097E-93	15	351	373	3	333	335
931	304	0.489	7.923E-93	15	350	373	3	332	333
955	304	0.489	7.923E-93	15	350	373	3	332	333
504	267	0.469	6.315E-80	40	350	373	23	330	369
643	148	0.313	2.563E-39	51	353	373	38	337	347
784	148	0.304	2.563E-39	51	366	373	38	350	354
1018	144	0.310	3.978E-38	51	350	373	38	334	356
60	143	0.305	9.912E-38	49	353	373	36	338	355
530	143	0.305	9.912E-38	49	353	373	36	338	355
789	143	0.305	9.912E-38	49	353	373	36	338	355
1326	143	0.305	9.912E-38	49	353	373	36	338	355
1313	143	0.309	1.344E-37	51	348	373	42	339	363
736	142	0.306	1.821E-37	51	352	373	38	336	357
131	142	0.311	2.468E-37	51	343	373	39	323	347
1112	142	0.297	2.468E-37	51	366	373	38	348	350
617	141	0.310	4.534E-37	51	343	373	39	323	347
626	141	0.310	4.534E-37	51	343	373	39	323	347
742	141	0.310	4.534E-37	51	343	373	39	323	347
856	141	0.310	4.534E-37	51	343	373	39	323	347
154	141	0.310	4.534E-37	51	343	373	39	323	348
903	141	0.310	4.534E-37	51	343	373	39	323	348
33	141	0.309	6.144E-37	51	343	373	39	323	347
80	141	0.309	6.144E-37	51	343	373	39	323	347
127	141	0.309	6.144E-37	51	343	373	39	323	347
268	141	0.309	6.144E-37	51	343	373	39	323	347
315	141	0.309	6.144E-37	51	343	373	39	323	347
435	141	0.309	6.144E-37	51	343	373	39	323	347
1097	141	0.309	6.144E-37	51	343	373	39	323	347
1113	141	0.309	6.144E-37	51	343	373	39	323	347
1160	141	0.309	6.144E-37	51	343	373	39	323	347
1207	141	0.309	6.144E-37	51	343	373	39	323	347
1253	141	0.309	6.144E-37	51	343	373	39	323	347
1299	141	0.309	6.144E-37	51	343	373	39	323	347
1345	141	0.309	6.144E-37	51	343	373	39	323	347
1391	141	0.309	6.144E-37	51	343	373	39	323	347
1437	141	0.309	6.144E-37	51	343	373	39	323	347
1483	141	0.309	6.144E-37	51	343	373	39	323	347
841	141	0.302	6.144E-37	49	353	373	36	337	354
362	140	0.309	8.326E-37	51	343	373	39	323	347
664	140	0.308	1.128E-36	51	343	373	39	323	347
174	139	0.307	2.071E-36	51	343	373	39	323	347
221	139	0.307	2.071E-36	51	343	373	39	323	347
409	139	0.307	2.071E-36	51	343	373	39	323	347
1144	139	0.307	2.071E-36	51	343	373	39	323	347
121	139	0.331	2.806E-36	49	308	373	36	285	341
1482	138	0.333	6.974E-36	51	305	373	46	290	356
698	137	0.297	9.445E-36	49	352	373	41	337	362
224	137	0.330	1.279E-35	51	307	373	38	284	356
326	137	0.330	1.279E-35	51	307	373	38	284	356
412	137	0.298	1.279E-35	51	352	373	38	336	356
745	136	0.328	1.732E-35	49	307	373	36	284	354
368	136	0.314	1.732E-35	38	302	373	34	310	425
477	136	0.302	2.346E-35	51	343	373	39	323	347
130	136	0.302	2.346E-35	51	343	373	39	323	348
839	135	0.287	4.301E-35	51	367	373	38	351	352
108	135	0.298	4.301E-35	51	344	373	38	336	356
392	135	0.298	4.301E-35	51	344	373	38	336	356
645	135	0.298	4.301E-35	51	344	373	38	336	356
692	135	0.298	4.301E-35	51	344	373	38	336	356
927	135	0.298	4.301E-35	51	344	373	38	336	356
980	135	0.298	4.301E-35	51	344	373	38	336	356
1003	135	0.298	4.301E-35	51	344	373	38	336	356
1149	135	0.298	4.301E-35	51	344	373	38	336	356
1196	135	0.298	4.301E-35	51	344	373	38	336	356
1241	135	0.298	4.301E-35	51	344	373	38	336	356
1242	135	0.298	4.301E-35	51	344	373	38	336	356
1347	135	0.298	4.301E-35	51	344	373	38	336	356
267	135	0.329	5.822E-35	51	305	373	38	282	349
11	135	0.327	5.822E-35	51	307	373	38	284	356
81	135	0.297	5.822E-35	51	344	373	38	336	356
298	135	0.297	5.822E-35	51	344	373	38	336	356
388	135	0.297	5.822E-35	51	344	373	38	336	356
458	135	0.297	5.822E-35	51	344	373	38	336	356
792	135	0.297	5.822E-35	51	344	373	38	336	356
833	135	0.297	5.822E-35	51	344	373	38	336	356
897	135	0.327	5.822E-35	51	307	373	38	284	356
455	135	0.288	5.822E-35	49	363	373	36	347	359
466	133	0.293	1.955E-34	51	352	373	38	337	346
550	133	0.288	1.955E-34	49	359	373	46	351	357
1186	133	0.288	1.955E-34	49	359	373	46	351	357
925	132	0.324	4.845E-34	51	305	373	38	282	356
1428	130	0.266	2.971E-33	42	362	373	40	384	408
1127	130	0.314	2.971E-33	11	269	373	11	273	419
642	129	0.287	4.018E-33	51	352	373	38	338	355
702	127	0.320	1.817E-32	51	301	373	38	278	356
39	126	0.315	3.320E-32	51	305	373	39	283	390
1489	126	0.315	3.320E-32	51	305	373	39	283	390
235	126	0.315	3.320E-32	51	305	373	39	283	391
280	126	0.315	3.320E-32	51	305	373	39	283	391
481	126	0.315	3.320E-32	51	305	373	39	283	391
802	126	0.315	3.320E-32	51	305	373	39	283	391
946	126	0.315	3.320E-32	51	305	373	39	283	391
1071	126	0.315	3.320E-32	51	305	373	39	283	391
1118	126	0.315	3.320E-32	51	305	373	39	283	391
1323	126	0.315	3.320E-32	51	305	373	39	283	391
340	126	0.315	3.320E-32	51	305	373	41	285	393
1040	125	0.312	8.199E-32	51	307	373	38	284	350
373	124	0.311	2.023E-31	51	305	373	38	282	364
1225	124	0.289	2.023E-31	51	337	373	48	328	368
703	123	0.281	3.693E-31	51	349	373	48	336	368
1044	123	0.314	4.988E-31	51	299	373	41	279	381
1048	123	0.314	4.988E-31	51	299	373	41	279	381
1027	123	0.309	6.738E-31	51	305	373	38	282	351
950	123	0.280	6.738E-31	51	349	373	48	336	368
156	123	0.284	6.738E-31	20	311	373	15	299	369
183	122	0.283	1.229E-30	20	311	373	15	299	369
370	122	0.283	1.229E-30	20	311	373	15	299	369
417	122	0.283	1.229E-30	20	311	373	15	299	369
420	122	0.283	1.229E-30	20	311	373	15	299	369
511	122	0.283	1.229E-30	20	311	373	15	299	369
558	122	0.283	1.229E-30	20	311	373	15	299	369
34	122	0.283	1.229E-30	20	311	373	24	308	378
208	121	0.310	1.660E-30	51	301	373	41	281	386
321	121	0.335	1.660E-30	78	299	373	67	279	386
389	121	0.335	1.660E-30	78	299	373	67	279	386
1231	121	0.335	1.660E-30	78	299	373	67	279	386
1442	121	0.335	1.660E-30	78	299	373	67	279	386
1209	120	0.309	4.085E-30	51	299	373	41	279	389
764	120	0.332	5.515E-30	78	299	373	67	279	380
1466	120	0.304	5.515E-30	51	305	373	40	284	385
82	119	0.302	7.444E-30	51	307	373	41	287	388
175	118	0.324	2.469E-29	75	299	373	53	279	382
352	118	0.324	2.469E-29	75	299	373	53	279	382
594	118	0.324	2.469E-29	75	299	373	53	279	382
691	118	0.324	2.469E-29	75	299	373	53	279	382
796	118	0.324	2.469E-29	75	299	373	53	279	382
937	118	0.324	2.469E-29	75	299	373	53	279	382
1169	118	0.324	2.469E-29	75	299	373	53	279	382
1400	118	0.324	2.469E-29	75	299	373	53	279	382
1446	118	0.324	2.469E-29	75	299	373	53	279	382
316	117	0.328	3.331E-29	78	299	373	67	279	382
579	117	0.328	3.331E-29	78	299	373	67	279	382
655	117	0.328	3.331E-29	78	299	373	67	279	382
62	117	0.315	4.494E-29	75	307	373	53	287	385
78	117	0.315	4.494E-29	75	307	373	53	287	385
158	117	0.315	4.494E-29	75	307	373	53	287	385
324	117	0.315	4.494E-29	75	307	373	53	287	385
426	117	0.315	4.494E-29	75	307	373	53	287	385
468	117	0.315	4.494E-29	75	307	373	53	287	385
570	117	0.315	4.494E-29	75	307	373	53	287	385
584	117	0.315	4.494E-29	75	307	373	53	287	385
708	117	0.315	4.494E-29	75	307	373	53	287	385
712	117	0.315	4.494E-29	75	307	373	53	287	385
232	111	0.301	5.344E-27	63	301	373	54	282	358
40	103	0.263	1.505E-24	64	337	373	55	332	358
109	102	0.286	3.655E-24	64	301	373	48	275	351
1122	102	0.286	3.655E-24	64	301	373	55	282	358
998	102	0.285	4.911E-24	64	301	373	55	282	358
 