15	511	0.756	4.657E-165	1	332	334	2	333	339
554	485	0.723	4.935E-156	1	332	334	2	333	341
1220	481	0.716	1.575E-154	0	332	334	0	331	344
534	480	0.712	4.050E-154	0	333	334	0	332	351
201	473	0.705	1.171E-151	0	332	334	0	331	336
696	469	0.700	2.726E-150	0	332	334	0	331	336
938	469	0.700	2.726E-150	0	332	334	0	331	336
978	469	0.698	2.726E-150	0	333	334	0	332	336
1072	469	0.700	2.726E-150	0	332	334	0	331	336
1119	469	0.700	2.726E-150	0	332	334	0	331	336
1166	469	0.700	2.726E-150	0	332	334	0	331	336
1235	469	0.698	2.726E-150	0	333	334	0	332	336
954	467	0.698	1.315E-149	0	332	334	0	331	336
367	466	0.696	3.382E-149	0	332	334	0	332	337
414	466	0.696	3.382E-149	0	332	334	0	332	337
1281	466	0.696	3.382E-149	0	332	334	0	332	337
1349	466	0.696	3.382E-149	0	332	334	0	332	337
533	465	0.696	4.633E-149	0	332	334	0	331	336
884	465	0.696	4.633E-149	0	332	334	0	331	336
1025	465	0.696	4.633E-149	0	332	334	0	331	336
1395	464	0.694	1.191E-148	0	332	334	0	332	337
1441	464	0.694	1.632E-148	0	332	334	0	332	337
999	463	0.691	2.235E-148	0	333	334	0	332	336
1174	463	0.693	3.062E-148	0	332	334	0	329	334
1191	463	0.693	3.062E-148	0	332	334	0	329	334
69	461	0.691	1.079E-147	0	332	334	0	331	336
116	461	0.691	1.079E-147	0	332	334	0	331	336
163	461	0.691	1.079E-147	0	332	334	0	331	336
210	461	0.691	1.079E-147	0	332	334	0	331	336
257	461	0.691	1.079E-147	0	332	334	0	331	336
304	461	0.691	1.079E-147	0	332	334	0	331	336
351	461	0.691	1.079E-147	0	332	334	0	331	336
398	461	0.691	1.079E-147	0	332	334	0	331	336
445	461	0.691	1.079E-147	0	332	334	0	331	336
480	461	0.691	1.079E-147	0	332	334	0	331	336
492	461	0.691	1.079E-147	0	332	334	0	331	336
527	461	0.691	1.079E-147	0	332	334	0	331	336
539	461	0.691	1.079E-147	0	332	334	0	331	336
574	461	0.691	1.079E-147	0	332	334	0	331	336
586	461	0.691	1.079E-147	0	332	334	0	331	336
1049	461	0.691	1.079E-147	0	332	334	0	331	336
1257	461	0.691	1.079E-147	0	332	334	0	331	336
1380	461	0.691	1.079E-147	0	332	334	0	331	336
1426	461	0.691	1.079E-147	0	332	334	0	331	336
22	460	0.690	2.024E-147	0	332	334	0	331	336
1404	460	0.690	2.024E-147	0	332	334	0	331	336
46	460	0.689	2.773E-147	0	332	334	0	331	336
814	460	0.689	2.773E-147	0	332	334	0	331	336
1334	460	0.689	2.773E-147	0	332	334	0	331	336
1472	460	0.689	2.773E-147	0	332	334	0	331	336
618	459	0.688	5.204E-147	0	332	334	0	332	337
1164	458	0.685	1.338E-146	0	333	334	0	332	336
766	458	0.684	1.833E-146	0	333	334	0	332	336
929	458	0.684	1.833E-146	0	333	334	0	332	336
1320	456	0.684	8.843E-146	0	332	334	0	332	337
837	455	0.683	1.211E-145	0	332	334	0	331	336
1002	455	0.683	1.211E-145	0	332	334	0	331	336
1211	455	0.683	1.211E-145	0	332	334	0	331	336
1371	455	0.683	1.211E-145	0	332	334	0	331	336
1087	455	0.683	1.659E-145	0	332	334	0	331	336
486	454	0.682	2.273E-145	0	332	334	0	331	336
790	454	0.682	2.273E-145	0	332	334	0	331	336
85	452	0.679	1.502E-144	0	332	334	0	331	336
1070	452	0.679	1.502E-144	0	332	334	0	331	336
1190	452	0.679	1.502E-144	0	332	334	0	331	336
1402	452	0.679	1.502E-144	0	332	334	0	331	336
1142	451	0.682	2.819E-144	2	332	334	3	330	335
1279	451	0.678	2.819E-144	0	332	334	0	331	336
743	451	0.678	3.862E-144	0	332	334	0	331	336
1143	451	0.678	3.862E-144	0	332	334	0	331	336
1303	451	0.678	3.862E-144	0	332	334	0	331	336
861	451	0.677	5.291E-144	0	332	334	0	331	336
1000	450	0.680	9.928E-144	2	332	334	4	334	339
1236	450	0.676	9.928E-144	0	332	334	20	351	356
1095	449	0.676	1.360E-143	0	332	334	0	331	336
105	449	0.675	1.863E-143	0	332	334	0	331	336
106	449	0.675	1.863E-143	0	332	334	0	331	336
568	448	0.674	4.789E-143	0	332	334	0	331	336
14	447	0.673	6.561E-143	0	332	334	0	331	336
1022	447	0.673	6.561E-143	0	332	334	0	331	336
1232	447	0.673	6.561E-143	0	332	334	0	331	336
194	447	0.673	8.987E-143	0	332	334	0	331	336
317	447	0.673	8.987E-143	0	332	334	0	331	336
100	445	0.671	3.165E-142	0	332	334	0	331	336
529	445	0.670	4.335E-142	0	332	334	0	332	337
1305	445	0.670	5.938E-142	0	332	334	0	332	337
602	444	0.669	8.135E-142	0	332	334	0	331	336
61	442	0.667	3.924E-141	0	332	334	0	332	337
670	442	0.667	3.924E-141	0	332	334	0	332	337
1327	442	0.670	3.924E-141	2	332	334	4	334	339
147	442	0.666	5.375E-141	0	332	334	0	331	336
905	442	0.666	5.375E-141	0	332	334	0	332	337
1177	441	0.665	1.382E-140	0	332	334	0	331	336
773	441	0.671	1.382E-140	2	330	334	4	332	348
1372	440	0.664	1.892E-140	0	332	334	0	332	337
952	439	0.663	4.864E-140	0	332	334	0	332	337
153	439	0.662	6.663E-140	0	332	334	0	331	336
1213	437	0.663	3.214E-139	2	332	334	18	347	352
1282	437	0.663	3.214E-139	2	332	334	18	347	352
726	436	0.659	4.402E-139	0	332	334	14	345	350
719	436	0.658	8.260E-139	0	332	334	0	332	337
1419	433	0.658	7.474E-138	2	332	334	4	333	338
759	430	0.652	4.937E-137	0	332	334	0	330	335
1096	428	0.652	4.467E-136	2	332	334	4	333	338
142	426	0.644	2.154E-135	0	333	334	0	333	342
877	426	0.643	2.154E-135	1	333	334	2	336	351
623	425	0.643	4.041E-135	0	333	334	0	333	343
204	424	0.642	7.581E-135	0	332	334	0	333	338
1182	424	0.642	1.038E-134	0	332	334	0	333	338
1228	423	0.641	1.948E-134	0	333	334	0	333	344
576	422	0.639	5.007E-134	0	332	334	0	333	338
189	420	0.637	1.762E-133	0	332	334	0	333	338
627	420	0.637	1.762E-133	0	333	334	0	333	343
1465	419	0.636	4.529E-133	0	333	334	0	333	343
248	419	0.636	4.529E-133	0	333	334	0	333	355
1487	417	0.634	1.594E-132	0	333	334	0	333	343
908	417	0.633	2.990E-132	0	333	334	0	333	344
1325	417	0.633	2.990E-132	0	333	334	0	333	344
364	408	0.624	2.211E-129	0	332	334	0	329	334
711	406	0.621	1.460E-128	0	332	334	0	329	335
1171	401	0.615	6.358E-127	0	332	334	0	329	334
867	401	0.614	8.708E-127	0	332	334	0	329	334
1	401	0.614	8.708E-127	0	332	334	0	329	335
48	400	0.613	2.237E-126	0	332	334	0	329	335
375	398	0.611	5.747E-126	0	332	334	0	329	333
820	398	0.611	7.871E-126	0	332	334	0	329	334
483	398	0.610	1.078E-125	0	332	334	0	329	333
234	397	0.610	1.476E-125	0	332	334	0	329	333
654	397	0.609	2.022E-125	0	332	334	0	329	334
571	396	0.609	2.769E-125	0	332	334	0	329	337
1032	396	0.608	3.793E-125	0	332	334	0	329	334
1328	395	0.607	7.114E-125	0	332	334	0	329	334
513	395	0.606	7.114E-125	0	332	334	0	333	338
95	394	0.606	1.334E-124	0	332	334	0	329	333
710	394	0.605	2.503E-124	0	332	334	0	330	335
976	394	0.605	2.503E-124	0	332	334	0	330	335
1117	393	0.605	3.427E-124	0	332	334	0	330	335
648	393	0.605	3.427E-124	0	332	334	0	330	336
128	393	0.604	4.694E-124	0	332	334	0	330	335
668	392	0.603	8.804E-124	0	332	334	0	330	335
1023	392	0.603	8.804E-124	0	332	334	0	330	335
1135	392	0.603	1.206E-123	0	332	334	0	329	336
621	391	0.602	2.261E-123	0	332	334	0	330	335
715	391	0.602	2.261E-123	0	332	334	0	330	335
1464	391	0.602	2.261E-123	0	332	334	0	330	335
720	391	0.606	3.097E-123	0	329	334	0	326	337
1370	390	0.601	4.241E-123	0	332	334	0	329	334
601	389	0.598	1.089E-122	0	332	334	0	333	338
1373	386	0.595	1.348E-121	0	332	334	0	329	335
580	385	0.594	3.462E-121	0	332	334	0	329	335
931	377	0.584	1.862E-118	0	332	334	0	329	333
955	377	0.584	1.862E-118	0	332	334	0	329	333
596	367	0.578	4.818E-115	5	332	334	11	334	354
974	334	0.530	1.394E-103	0	332	334	0	329	351
1021	334	0.530	1.394E-103	0	332	334	0	329	351
504	321	0.564	3.218E-99	30	325	334	25	320	369
1207	152	0.332	3.117E-41	0	284	334	0	279	347
1253	152	0.332	3.117E-41	0	284	334	0	279	347
1299	152	0.332	3.117E-41	0	284	334	0	279	347
747	152	0.365	4.240E-41	38	284	334	38	278	389
435	151	0.329	1.067E-40	0	284	334	0	279	347
477	151	0.329	1.067E-40	0	284	334	0	279	347
130	151	0.329	1.067E-40	0	284	334	0	279	348
742	150	0.329	1.452E-40	0	284	334	0	279	347
856	150	0.329	1.452E-40	0	284	334	0	279	347
131	150	0.354	1.975E-40	30	284	334	30	279	347
268	150	0.328	1.975E-40	0	284	334	0	279	347
617	150	0.354	1.975E-40	30	284	334	30	279	347
626	150	0.354	1.975E-40	30	284	334	30	279	347
1097	150	0.328	1.975E-40	0	284	334	0	279	347
1113	150	0.328	1.975E-40	0	284	334	0	279	347
1144	150	0.328	1.975E-40	0	284	334	0	279	347
1160	150	0.328	1.975E-40	0	284	334	0	279	347
154	150	0.354	1.975E-40	30	284	334	30	279	348
903	150	0.354	1.975E-40	30	284	334	30	279	348
60	150	0.360	1.975E-40	37	284	334	36	277	355
530	150	0.360	1.975E-40	37	284	334	36	277	355
789	150	0.360	1.975E-40	37	284	334	36	277	355
1326	150	0.360	1.975E-40	37	284	334	36	277	355
608	150	0.361	1.975E-40	38	284	334	38	278	389
653	150	0.361	1.975E-40	38	284	334	38	278	389
786	150	0.361	1.975E-40	38	284	334	38	278	389
1078	150	0.361	1.975E-40	38	284	334	38	278	389
1162	150	0.361	1.975E-40	38	284	334	38	278	389
1381	150	0.361	1.975E-40	38	284	334	38	278	389
1427	150	0.361	1.975E-40	38	284	334	38	278	389
33	149	0.353	2.686E-40	30	284	334	30	279	347
80	149	0.353	2.686E-40	30	284	334	30	279	347
127	149	0.353	2.686E-40	30	284	334	30	279	347
174	149	0.353	2.686E-40	30	284	334	30	279	347
221	149	0.353	2.686E-40	30	284	334	30	279	347
315	149	0.353	2.686E-40	30	284	334	30	279	347
362	149	0.353	2.686E-40	30	284	334	30	279	347
409	149	0.353	2.686E-40	30	284	334	30	279	347
1345	149	0.353	2.686E-40	30	284	334	30	279	347
1391	149	0.353	2.686E-40	30	284	334	30	279	347
1437	149	0.353	2.686E-40	30	284	334	30	279	347
1483	149	0.353	2.686E-40	30	284	334	30	279	347
664	149	0.327	3.654E-40	0	284	334	0	279	347
302	147	0.359	1.250E-39	38	282	334	38	276	391
339	147	0.359	1.250E-39	38	282	334	38	276	391
521	147	0.359	1.250E-39	38	282	334	38	276	391
890	147	0.359	1.250E-39	38	282	334	38	276	391
1028	147	0.359	1.250E-39	38	282	334	38	276	391
368	147	0.384	1.250E-39	15	237	334	24	245	425
953	147	0.358	2.311E-39	38	282	334	38	276	396
1024	147	0.358	2.311E-39	38	282	334	38	276	396
718	146	0.355	3.142E-39	38	284	334	38	278	390
577	146	0.355	3.142E-39	38	284	334	38	278	396
199	146	0.357	4.271E-39	38	282	334	38	276	390
251	146	0.357	4.271E-39	38	282	334	38	276	390
272	146	0.357	4.271E-39	38	282	334	38	276	390
313	146	0.357	4.271E-39	38	282	334	38	276	390
319	146	0.357	4.271E-39	38	282	334	38	276	390
345	146	0.357	4.271E-39	38	282	334	38	276	390
360	146	0.357	4.271E-39	38	282	334	38	276	390
363	146	0.357	4.271E-39	38	282	334	38	276	390
765	146	0.357	4.271E-39	38	282	334	38	276	390
944	146	0.357	4.271E-39	38	282	334	38	276	390
1102	146	0.357	4.271E-39	38	282	334	38	276	390
1111	146	0.357	4.271E-39	38	282	334	38	276	390
1412	146	0.357	4.271E-39	38	282	334	38	276	390
1415	146	0.357	4.271E-39	38	282	334	38	276	390
152	146	0.357	4.271E-39	38	282	334	38	276	393
379	146	0.357	4.271E-39	38	282	334	38	276	393
391	146	0.357	4.271E-39	38	282	334	38	276	393
646	146	0.357	4.271E-39	38	282	334	38	276	393
652	146	0.357	4.271E-39	38	282	334	38	276	393
63	146	0.357	4.271E-39	38	282	334	39	277	394
472	145	0.355	1.073E-38	38	282	334	37	275	386
454	144	0.352	1.459E-38	38	284	334	38	278	390
503	143	0.352	2.695E-38	38	282	334	37	275	385
665	143	0.351	2.695E-38	38	284	334	38	278	390
0	143	0.349	4.979E-38	38	284	334	38	278	390
36	143	0.349	4.979E-38	38	284	334	38	278	390
42	143	0.349	4.979E-38	38	284	334	38	278	390
88	143	0.349	4.979E-38	38	284	334	38	278	390
117	143	0.349	4.979E-38	38	284	334	38	278	390
133	143	0.349	4.979E-38	38	284	334	38	278	390
155	143	0.349	4.979E-38	38	284	334	38	278	390
164	143	0.349	4.979E-38	38	284	334	38	278	390
219	143	0.349	4.979E-38	38	284	334	38	278	390
246	143	0.349	4.979E-38	38	284	334	38	278	390
249	143	0.349	4.979E-38	38	284	334	38	278	390
266	143	0.349	4.979E-38	38	284	334	38	278	390
323	143	0.349	4.979E-38	38	284	334	38	278	390
374	143	0.349	4.979E-38	38	284	334	38	278	390
377	143	0.349	4.979E-38	38	284	334	38	278	390
382	143	0.349	4.979E-38	38	284	334	38	278	390
407	143	0.349	4.979E-38	38	284	334	38	278	390
411	143	0.349	4.979E-38	38	284	334	38	278	390
430	143	0.349	4.979E-38	38	284	334	38	278	390
437	143	0.349	4.979E-38	38	284	334	38	278	390
465	143	0.349	4.979E-38	38	284	334	38	278	390
507	143	0.349	4.979E-38	38	284	334	38	278	390
605	143	0.349	4.979E-38	38	284	334	38	278	390
746	143	0.349	4.979E-38	38	284	334	38	278	390
778	143	0.349	4.979E-38	38	284	334	38	278	390
963	143	0.349	4.979E-38	38	284	334	38	278	390
975	143	0.349	4.979E-38	38	284	334	38	278	390
981	143	0.349	4.979E-38	38	284	334	38	278	390
1019	143	0.349	4.979E-38	38	284	334	38	278	390
1036	143	0.349	4.979E-38	38	284	334	38	278	390
1046	143	0.349	4.979E-38	38	284	334	38	278	390
1050	143	0.349	4.979E-38	38	284	334	38	278	390
1069	143	0.349	4.979E-38	38	284	334	38	278	390
1085	143	0.349	4.979E-38	38	284	334	38	278	390
1116	143	0.349	4.979E-38	38	284	334	38	278	390
1121	143	0.349	4.979E-38	38	284	334	38	278	390
1205	143	0.349	4.979E-38	38	284	334	38	278	390
1230	143	0.349	4.979E-38	38	284	334	38	278	390
1255	143	0.349	4.979E-38	38	284	334	38	278	390
1301	143	0.349	4.979E-38	38	284	334	38	278	390
1307	143	0.349	4.979E-38	38	284	334	38	278	390
1353	143	0.349	4.979E-38	38	284	334	38	278	390
1364	143	0.349	4.979E-38	38	284	334	38	278	390
1399	143	0.349	4.979E-38	38	284	334	38	278	390
1407	143	0.349	4.979E-38	38	284	334	38	278	390
1445	143	0.349	4.979E-38	38	284	334	38	278	390
1451	143	0.349	4.979E-38	38	284	334	38	278	390
1456	143	0.349	4.979E-38	38	284	334	38	278	390
1458	143	0.349	4.979E-38	38	284	334	38	278	390
1461	143	0.349	4.979E-38	38	284	334	38	278	390
843	140	0.344	4.260E-37	38	284	334	38	278	390
136	139	0.344	1.068E-36	38	282	334	38	276	392
656	139	0.344	1.068E-36	38	282	334	38	276	392
1127	130	0.339	8.904E-34	3	237	334	15	244	419
1134	124	0.314	1.165E-31	33	282	334	36	279	361
1122	123	0.308	1.578E-31	26	282	334	28	278	358
109	123	0.308	2.139E-31	26	282	334	21	271	351
40	123	0.307	2.899E-31	26	282	334	28	278	358
998	123	0.307	2.899E-31	26	282	334	28	278	358
460	120	0.308	2.428E-30	33	282	334	36	279	361
600	120	0.308	2.428E-30	33	282	334	36	279	361
886	120	0.308	2.428E-30	33	282	334	36	279	361
1020	120	0.308	2.428E-30	33	282	334	36	279	361
1114	120	0.308	2.428E-30	33	282	334	36	279	361
1208	120	0.308	2.428E-30	33	282	334	36	279	361
1254	120	0.308	2.428E-30	33	282	334	36	279	361
1300	120	0.308	2.428E-30	33	282	334	36	279	361
 