235	775	0.943	1.929E-255	0	390	391	0	390	391
280	775	0.943	1.929E-255	0	390	391	0	390	391
802	775	0.943	1.929E-255	0	390	391	0	390	391
1071	775	0.943	1.929E-255	0	390	391	0	390	391
1118	775	0.943	1.929E-255	0	390	391	0	390	391
1323	775	0.943	1.929E-255	0	390	391	0	390	391
946	774	0.942	4.964E-255	0	390	391	0	390	391
481	774	0.941	6.803E-255	0	390	391	0	390	391
340	773	0.940	1.751E-254	0	390	391	2	392	393
39	763	0.929	4.612E-251	0	390	391	0	389	390
1489	763	0.929	4.612E-251	0	390	391	0	389	390
5	717	0.880	3.423E-235	0	390	391	2	392	393
6	717	0.880	3.423E-235	0	390	391	2	392	393
47	717	0.880	3.423E-235	0	390	391	2	392	393
86	717	0.880	3.423E-235	0	390	391	2	392	393
87	717	0.880	3.423E-235	0	390	391	2	392	393
135	717	0.880	3.423E-235	0	390	391	2	392	393
139	717	0.880	3.423E-235	0	390	391	2	392	393
180	717	0.880	3.423E-235	0	390	391	2	392	393
181	717	0.880	3.423E-235	0	390	391	2	392	393
182	717	0.880	3.423E-235	0	390	391	2	392	393
186	717	0.880	3.423E-235	0	390	391	2	392	393
227	717	0.880	3.423E-235	0	390	391	2	392	393
229	717	0.880	3.423E-235	0	390	391	2	392	393
230	717	0.880	3.423E-235	0	390	391	2	392	393
233	717	0.880	3.423E-235	0	390	391	2	392	393
258	717	0.880	3.423E-235	0	390	391	2	392	393
271	717	0.880	3.423E-235	0	390	391	2	392	393
293	717	0.880	3.423E-235	0	390	391	2	392	393
327	717	0.880	3.423E-235	0	390	391	2	392	393
369	717	0.880	3.423E-235	0	390	391	2	392	393
387	717	0.880	3.423E-235	0	390	391	2	392	393
399	717	0.880	3.423E-235	0	390	391	2	392	393
418	717	0.880	3.423E-235	0	390	391	2	392	393
423	717	0.880	3.423E-235	0	390	391	2	392	393
459	717	0.880	3.423E-235	0	390	391	2	392	393
463	717	0.880	3.423E-235	0	390	391	2	392	393
470	717	0.880	3.423E-235	0	390	391	2	392	393
501	717	0.880	3.423E-235	0	390	391	2	392	393
512	717	0.880	3.423E-235	0	390	391	2	392	393
518	717	0.880	3.423E-235	0	390	391	2	392	393
528	717	0.880	3.423E-235	0	390	391	2	392	393
531	717	0.880	3.423E-235	0	390	391	2	392	393
532	717	0.880	3.423E-235	0	390	391	2	392	393
537	717	0.880	3.423E-235	0	390	391	2	392	393
559	717	0.880	3.423E-235	0	390	391	2	392	393
622	717	0.880	3.423E-235	0	390	391	2	392	393
633	717	0.880	3.423E-235	0	390	391	2	392	393
659	717	0.880	3.423E-235	0	390	391	2	392	393
669	717	0.880	3.423E-235	0	390	391	2	392	393
681	717	0.880	3.423E-235	0	390	391	2	392	393
697	717	0.880	3.423E-235	0	390	391	2	392	393
699	717	0.880	3.423E-235	0	390	391	2	392	393
738	717	0.880	3.423E-235	0	390	391	2	392	393
744	717	0.880	3.423E-235	0	390	391	2	392	393
768	717	0.880	3.423E-235	0	390	391	2	392	393
774	717	0.880	3.423E-235	0	390	391	2	392	393
791	717	0.880	3.423E-235	0	390	391	2	392	393
793	717	0.880	3.423E-235	0	390	391	2	392	393
794	717	0.880	3.423E-235	0	390	391	2	392	393
811	717	0.880	3.423E-235	0	390	391	2	392	393
815	717	0.880	3.423E-235	0	390	391	2	392	393
821	717	0.880	3.423E-235	0	390	391	2	392	393
838	717	0.880	3.423E-235	0	390	391	2	392	393
847	717	0.880	3.423E-235	0	390	391	2	392	393
849	717	0.880	3.423E-235	0	390	391	2	392	393
862	717	0.880	3.423E-235	0	390	391	2	392	393
866	717	0.880	3.423E-235	0	390	391	2	392	393
869	717	0.880	3.423E-235	0	390	391	2	392	393
880	717	0.880	3.423E-235	0	390	391	2	392	393
885	717	0.880	3.423E-235	0	390	391	2	392	393
909	717	0.880	3.423E-235	0	390	391	2	392	393
914	717	0.880	3.423E-235	0	390	391	2	392	393
932	717	0.880	3.423E-235	0	390	391	2	392	393
934	717	0.880	3.423E-235	0	390	391	2	392	393
941	717	0.880	3.423E-235	0	390	391	2	392	393
991	717	0.880	3.423E-235	0	390	391	2	392	393
996	717	0.880	3.423E-235	0	390	391	2	392	393
1066	717	0.880	3.423E-235	0	390	391	2	392	393
1091	717	0.880	3.423E-235	0	390	391	2	392	393
1104	717	0.880	3.423E-235	0	390	391	2	392	393
1132	717	0.880	3.423E-235	0	390	391	2	392	393
1137	717	0.880	3.423E-235	0	390	391	2	392	393
1140	717	0.880	3.423E-235	0	390	391	2	392	393
1165	717	0.880	3.423E-235	0	390	391	2	392	393
1168	717	0.880	3.423E-235	0	390	391	2	392	393
1175	717	0.880	3.423E-235	0	390	391	2	392	393
1185	717	0.880	3.423E-235	0	390	391	2	392	393
1187	717	0.880	3.423E-235	0	390	391	2	392	393
1188	717	0.880	3.423E-235	0	390	391	2	392	393
1212	717	0.880	3.423E-235	0	390	391	2	392	393
1215	717	0.880	3.423E-235	0	390	391	2	392	393
1219	717	0.880	3.423E-235	0	390	391	2	392	393
1233	717	0.880	3.423E-235	0	390	391	2	392	393
1258	717	0.880	3.423E-235	0	390	391	2	392	393
1261	717	0.880	3.423E-235	0	390	391	2	392	393
1265	717	0.880	3.423E-235	0	390	391	2	392	393
1269	717	0.880	3.423E-235	0	390	391	2	392	393
1304	717	0.880	3.423E-235	0	390	391	2	392	393
1311	717	0.880	3.423E-235	0	390	391	2	392	393
1329	717	0.880	3.423E-235	0	390	391	2	392	393
1348	717	0.880	3.423E-235	0	390	391	2	392	393
1350	717	0.880	3.423E-235	0	390	391	2	392	393
1352	717	0.880	3.423E-235	0	390	391	2	392	393
1357	717	0.880	3.423E-235	0	390	391	2	392	393
1363	717	0.880	3.423E-235	0	390	391	2	392	393
1396	717	0.880	3.423E-235	0	390	391	2	392	393
1398	717	0.880	3.423E-235	0	390	391	2	392	393
1409	717	0.880	3.423E-235	0	390	391	2	392	393
1410	717	0.880	3.423E-235	0	390	391	2	392	393
1416	717	0.880	3.423E-235	0	390	391	2	392	393
1421	717	0.880	3.423E-235	0	390	391	2	392	393
1423	717	0.880	3.423E-235	0	390	391	2	392	393
1444	717	0.880	3.423E-235	0	390	391	2	392	393
1462	717	0.880	3.423E-235	0	390	391	2	392	393
1467	717	0.880	3.423E-235	0	390	391	2	392	393
1486	717	0.880	3.423E-235	0	390	391	2	392	393
1491	717	0.880	3.423E-235	0	390	391	2	392	393
1495	717	0.880	3.423E-235	0	390	391	2	392	393
297	717	0.880	4.690E-235	0	390	391	2	392	393
609	717	0.880	4.690E-235	0	390	391	2	392	393
674	717	0.880	4.690E-235	0	390	391	2	392	393
721	717	0.884	4.690E-235	2	390	391	4	392	393
1043	717	0.884	4.690E-235	2	390	391	4	392	393
822	716	0.879	8.807E-235	0	390	391	0	390	391
45	716	0.879	8.807E-235	0	390	391	2	392	393
70	716	0.879	8.807E-235	0	390	391	2	392	393
92	716	0.879	8.807E-235	0	390	391	2	392	393
94	716	0.879	8.807E-235	0	390	391	2	392	393
98	716	0.879	8.807E-235	0	390	391	2	392	393
134	716	0.879	8.807E-235	0	390	391	2	392	393
228	716	0.879	8.807E-235	0	390	391	2	392	393
275	716	0.879	8.807E-235	0	390	391	2	392	393
322	716	0.879	8.807E-235	0	390	391	2	392	393
344	716	0.879	8.807E-235	0	390	391	2	392	393
366	716	0.879	8.807E-235	0	390	391	2	392	393
416	716	0.879	8.807E-235	0	390	391	2	392	393
421	716	0.879	8.807E-235	0	390	391	2	392	393
429	716	0.879	8.807E-235	0	390	391	2	392	393
434	716	0.879	8.807E-235	0	390	391	2	392	393
446	716	0.879	8.807E-235	0	390	391	2	392	393
456	716	0.879	8.807E-235	0	390	391	2	392	393
524	716	0.879	8.807E-235	0	390	391	2	392	393
548	716	0.879	8.807E-235	0	390	391	2	392	393
557	716	0.879	8.807E-235	0	390	391	2	392	393
562	716	0.879	8.807E-235	0	390	391	2	392	393
566	716	0.879	8.807E-235	0	390	391	2	392	393
575	716	0.879	8.807E-235	0	390	391	2	392	393
604	716	0.879	8.807E-235	0	390	391	2	392	393
613	716	0.879	8.807E-235	0	390	391	2	392	393
615	716	0.879	8.807E-235	0	390	391	2	392	393
658	716	0.879	8.807E-235	0	390	391	2	392	393
767	716	0.879	8.807E-235	0	390	391	2	392	393
832	716	0.879	8.807E-235	0	390	391	2	392	393
887	716	0.879	8.807E-235	0	390	391	2	392	393
1088	716	0.879	8.807E-235	0	390	391	2	392	393
1094	716	0.879	8.807E-235	0	390	391	2	392	393
1130	716	0.879	8.807E-235	0	390	391	2	392	393
1151	716	0.879	8.807E-235	0	390	391	2	392	393
1176	716	0.879	8.807E-235	0	390	391	2	392	393
1184	716	0.879	8.807E-235	0	390	391	2	392	393
1239	716	0.879	8.807E-235	0	390	391	2	392	393
1271	716	0.879	8.807E-235	0	390	391	2	392	393
1375	716	0.879	8.807E-235	0	390	391	2	392	393
1403	716	0.879	8.807E-235	0	390	391	2	392	393
515	715	0.877	2.266E-234	0	390	391	2	392	393
752	715	0.877	2.266E-234	0	390	391	2	392	393
894	715	0.877	2.266E-234	0	390	391	2	392	393
913	715	0.877	2.266E-234	0	390	391	2	392	393
1074	715	0.877	2.266E-234	0	390	391	2	392	393
1455	715	0.877	2.266E-234	0	390	391	2	392	393
520	714	0.877	3.105E-234	0	390	391	2	392	393
1237	714	0.877	3.105E-234	0	390	391	2	392	393
1283	714	0.877	3.105E-234	0	390	391	2	392	393
23	714	0.877	4.254E-234	0	390	391	2	392	393
41	714	0.877	4.254E-234	0	390	391	2	392	393
236	714	0.877	4.254E-234	0	390	391	2	392	393
277	714	0.877	4.254E-234	0	390	391	2	392	393
660	714	0.877	4.254E-234	0	390	391	2	392	393
1101	714	0.877	4.254E-234	0	390	391	2	392	393
1449	714	0.877	4.254E-234	0	390	391	2	392	393
803	713	0.876	5.829E-234	0	390	391	2	392	393
943	713	0.876	5.829E-234	0	390	391	2	392	393
1090	713	0.876	5.829E-234	0	390	391	2	392	393
801	713	0.876	7.988E-234	0	390	391	2	392	393
1490	713	0.876	7.988E-234	0	390	391	2	392	393
705	713	0.875	1.095E-233	0	390	391	2	392	393
519	706	0.868	3.174E-231	0	390	391	2	392	393
342	657	0.823	1.545E-214	0	385	391	0	386	395
1141	653	0.819	3.603E-213	0	385	391	0	386	395
1354	651	0.816	3.266E-212	0	385	391	0	386	395
510	649	0.816	1.577E-211	0	384	391	0	385	387
606	649	0.816	1.577E-211	0	384	391	0	385	387
335	647	0.813	7.614E-211	0	384	391	0	385	387
649	647	0.813	7.614E-211	0	384	391	0	385	387
728	646	0.813	1.043E-210	0	384	391	0	385	387
836	646	0.813	1.043E-210	0	384	391	0	385	387
858	646	0.812	1.958E-210	0	384	391	0	385	387
1405	646	0.812	1.958E-210	0	384	391	0	385	387
1148	642	0.805	2.432E-209	0	386	391	0	387	388
1420	641	0.803	8.570E-209	0	386	391	0	387	388
597	641	0.809	8.570E-209	0	380	391	0	384	391
1031	640	0.808	1.609E-208	0	380	391	0	384	391
813	640	0.813	2.204E-208	0	380	391	0	381	387
255	639	0.813	3.020E-208	0	380	391	0	381	387
800	639	0.813	3.020E-208	0	380	391	0	381	387
846	639	0.813	3.020E-208	0	380	391	0	381	387
979	639	0.813	3.020E-208	0	380	391	0	381	387
1195	639	0.813	3.020E-208	0	380	391	0	381	387
1222	639	0.813	3.020E-208	0	380	391	0	381	387
428	639	0.805	3.020E-208	0	384	391	0	385	396
50	639	0.807	4.138E-208	0	380	391	0	384	391
58	639	0.807	4.138E-208	0	380	391	0	384	391
99	639	0.807	4.138E-208	0	380	391	0	384	391
192	639	0.807	4.138E-208	0	380	391	0	384	391
239	639	0.807	4.138E-208	0	380	391	0	384	391
285	639	0.807	4.138E-208	0	380	391	0	384	391
286	639	0.807	4.138E-208	0	380	391	0	384	391
332	639	0.807	4.138E-208	0	380	391	0	384	391
333	639	0.807	4.138E-208	0	380	391	0	384	391
346	639	0.807	4.138E-208	0	380	391	0	384	391
380	639	0.807	4.138E-208	0	380	391	0	384	391
381	639	0.807	4.138E-208	0	380	391	0	384	391
464	639	0.807	4.138E-208	0	380	391	0	384	391
467	639	0.807	4.138E-208	0	380	391	0	384	391
474	639	0.807	4.138E-208	0	380	391	0	384	391
493	639	0.807	4.138E-208	0	380	391	0	384	391
514	639	0.807	4.138E-208	0	380	391	0	384	391
523	639	0.807	4.138E-208	0	380	391	0	384	391
525	639	0.807	4.138E-208	0	380	391	0	384	391
540	639	0.807	4.138E-208	0	380	391	0	384	391
587	639	0.807	4.138E-208	0	380	391	0	384	391
634	639	0.807	4.138E-208	0	380	391	0	384	391
749	639	0.807	4.138E-208	0	380	391	0	384	391
785	639	0.807	4.138E-208	0	380	391	0	384	391
915	639	0.807	4.138E-208	0	380	391	0	384	391
990	639	0.807	4.138E-208	0	380	391	0	384	391
1009	639	0.807	4.138E-208	0	380	391	0	384	391
1055	639	0.807	4.138E-208	0	380	391	0	384	391
1084	639	0.807	4.138E-208	0	380	391	0	384	391
1125	639	0.807	4.138E-208	0	380	391	0	384	391
1308	639	0.807	4.138E-208	0	380	391	0	384	391
1393	639	0.807	4.138E-208	0	380	391	0	384	391
1474	639	0.807	4.138E-208	0	380	391	0	384	391
1492	639	0.807	4.138E-208	0	380	391	0	384	391
89	638	0.806	5.669E-208	0	380	391	0	384	391
84	638	0.811	7.767E-208	0	380	391	0	381	387
59	632	0.806	1.197E-205	0	379	391	2	382	388
299	632	0.806	1.197E-205	0	379	391	2	382	388
341	632	0.806	1.197E-205	0	379	391	2	382	388
741	632	0.806	1.197E-205	0	379	391	2	382	388
700	630	0.845	4.219E-205	0	359	391	0	359	383
144	611	0.787	2.115E-198	3	380	391	2	380	387
840	611	0.787	2.115E-198	3	380	391	2	380	387
141	583	0.746	7.860E-189	0	384	391	0	380	393
188	582	0.781	1.475E-188	0	363	391	0	363	386
650	576	0.779	3.109E-186	0	360	391	0	360	383
787	574	0.777	1.095E-185	0	360	391	0	360	383
1216	555	0.755	5.455E-179	0	360	391	0	360	381
292	548	0.719	8.384E-177	3	380	391	2	379	395
1466	546	0.713	5.538E-176	1	380	391	2	381	385
578	544	0.756	3.659E-175	3	355	391	2	354	397
997	541	0.700	2.417E-174	0	384	391	0	384	387
298	471	0.675	3.638E-150	6	355	391	5	354	356
388	471	0.675	3.638E-150	6	355	391	5	354	356
458	471	0.675	3.638E-150	6	355	391	5	354	356
792	471	0.675	3.638E-150	6	355	391	5	354	356
833	471	0.675	3.638E-150	6	355	391	5	354	356
81	471	0.674	6.823E-150	6	355	391	5	354	356
1274	471	0.669	6.823E-150	3	355	391	2	354	356
859	470	0.668	1.280E-149	3	355	391	2	354	356
108	468	0.671	4.499E-149	6	355	391	5	354	356
392	468	0.671	4.499E-149	6	355	391	5	354	356
645	468	0.671	4.499E-149	6	355	391	5	354	356
692	468	0.671	4.499E-149	6	355	391	5	354	356
927	468	0.671	4.499E-149	6	355	391	5	354	356
980	468	0.671	4.499E-149	6	355	391	5	354	356
1003	468	0.671	4.499E-149	6	355	391	5	354	356
1149	468	0.671	4.499E-149	6	355	391	5	354	356
1196	468	0.671	4.499E-149	6	355	391	5	354	356
1241	468	0.671	4.499E-149	6	355	391	5	354	356
1242	468	0.671	4.499E-149	6	355	391	5	354	356
1347	468	0.671	4.499E-149	6	355	391	5	354	356
702	468	0.671	6.162E-149	6	355	391	5	354	356
672	455	0.649	1.439E-144	3	356	391	15	368	411
693	452	0.645	2.435E-143	3	356	391	15	368	411
740	452	0.645	2.435E-143	3	356	391	15	368	411
1179	451	0.634	3.334E-143	0	360	391	12	372	411
224	449	0.647	3.009E-142	6	355	391	5	354	356
326	447	0.646	7.724E-142	6	355	391	5	354	356
1351	447	0.596	1.058E-141	0	385	391	12	394	410
897	445	0.644	3.717E-141	6	355	391	5	354	356
1435	444	0.587	9.542E-141	0	390	391	9	397	409
1277	443	0.625	2.449E-140	0	360	391	12	372	411
11	443	0.640	3.354E-140	6	355	391	5	354	356
208	405	0.606	4.181E-127	1	342	391	3	344	386
1044	404	0.619	5.723E-127	6	338	391	8	340	381
1048	404	0.619	5.723E-127	6	338	391	8	340	381
764	403	0.617	1.468E-126	6	338	391	8	340	380
1442	403	0.617	1.468E-126	6	338	391	8	340	386
 